{
  "period": {
    "start": "2018-01-02",
    "end": "2026-05-12",
    "T_days": 2102,
    "pairs": [
      "AUDJPY",
      "AUDUSD",
      "GBPJPY",
      "GBPUSD",
      "EURGBP",
      "EURUSD",
      "NZDUSD",
      "USDCAD",
      "USDCHF",
      "USDJPY"
    ]
  },
  "strategy_correlation_full": {
    "index": [
      "AUDJPY",
      "AUDUSD",
      "GBPJPY",
      "GBPUSD",
      "EURGBP",
      "EURUSD",
      "NZDUSD",
      "USDCAD",
      "USDCHF",
      "USDJPY"
    ],
    "columns": [
      "AUDJPY",
      "AUDUSD",
      "GBPJPY",
      "GBPUSD",
      "EURGBP",
      "EURUSD",
      "NZDUSD",
      "USDCAD",
      "USDCHF",
      "USDJPY"
    ],
    "data": [
      [
        1.0,
        0.206804,
        0.349029,
        0.002884,
        -0.02069,
        0.040053,
        0.076845,
        0.058282,
        0.047172,
        0.199864
      ],
      [
        0.206804,
        1.0,
        0.043508,
        0.174324,
        0.024946,
        0.165072,
        0.397032,
        0.240271,
        0.141909,
        0.021024
      ],
      [
        0.349029,
        0.043508,
        1.0,
        0.140252,
        0.023023,
        0.043086,
        0.013029,
        0.06298,
        0.044098,
        0.228251
      ],
      [
        0.002884,
        0.174324,
        0.140252,
        1.0,
        -0.018102,
        0.209069,
        0.164716,
        0.102232,
        0.080078,
        -0.037146
      ],
      [
        -0.02069,
        0.024946,
        0.023023,
        -0.018102,
        1.0,
        0.067691,
        0.016182,
        0.042626,
        0.03013,
        -0.013186
      ],
      [
        0.040053,
        0.165072,
        0.043086,
        0.209069,
        0.067691,
        1.0,
        0.151011,
        0.060394,
        0.263344,
        0.026193
      ],
      [
        0.076845,
        0.397032,
        0.013029,
        0.164716,
        0.016182,
        0.151011,
        1.0,
        0.192962,
        0.086636,
        0.074459
      ],
      [
        0.058282,
        0.240271,
        0.06298,
        0.102232,
        0.042626,
        0.060394,
        0.192962,
        1.0,
        0.014452,
        0.017288
      ],
      [
        0.047172,
        0.141909,
        0.044098,
        0.080078,
        0.03013,
        0.263344,
        0.086636,
        0.014452,
        1.0,
        0.138035
      ],
      [
        0.199864,
        0.021024,
        0.228251,
        -0.037146,
        -0.013186,
        0.026193,
        0.074459,
        0.017288,
        0.138035,
        1.0
      ]
    ]
  },
  "strategy_correlation_active": {
    "index": [
      "AUDJPY",
      "AUDUSD",
      "GBPJPY",
      "GBPUSD",
      "EURGBP",
      "EURUSD",
      "NZDUSD",
      "USDCAD",
      "USDCHF",
      "USDJPY"
    ],
    "columns": [
      "AUDJPY",
      "AUDUSD",
      "GBPJPY",
      "GBPUSD",
      "EURGBP",
      "EURUSD",
      "NZDUSD",
      "USDCAD",
      "USDCHF",
      "USDJPY"
    ],
    "data": [
      [
        1.0,
        NaN,
        0.455951,
        NaN,
        -0.033663,
        NaN,
        NaN,
        NaN,
        NaN,
        NaN
      ],
      [
        NaN,
        1.0,
        NaN,
        NaN,
        0.05344,
        NaN,
        NaN,
        NaN,
        NaN,
        NaN
      ],
      [
        0.455951,
        NaN,
        1.0,
        NaN,
        0.037431,
        NaN,
        NaN,
        NaN,
        NaN,
        NaN
      ],
      [
        NaN,
        NaN,
        NaN,
        1.0,
        -0.028517,
        NaN,
        NaN,
        NaN,
        NaN,
        NaN
      ],
      [
        -0.033663,
        0.05344,
        0.037431,
        -0.028517,
        1.0,
        0.126784,
        0.030961,
        0.073382,
        0.05431,
        -0.019921
      ],
      [
        NaN,
        NaN,
        NaN,
        NaN,
        0.126784,
        1.0,
        NaN,
        NaN,
        NaN,
        NaN
      ],
      [
        NaN,
        NaN,
        NaN,
        NaN,
        0.030961,
        NaN,
        1.0,
        NaN,
        NaN,
        NaN
      ],
      [
        NaN,
        NaN,
        NaN,
        NaN,
        0.073382,
        NaN,
        NaN,
        1.0,
        NaN,
        NaN
      ],
      [
        NaN,
        NaN,
        NaN,
        NaN,
        0.05431,
        NaN,
        NaN,
        NaN,
        1.0,
        NaN
      ],
      [
        NaN,
        NaN,
        NaN,
        NaN,
        -0.019921,
        NaN,
        NaN,
        NaN,
        NaN,
        1.0
      ]
    ]
  },
  "strategy_active_obs_counts": {
    "index": [
      "AUDJPY",
      "AUDUSD",
      "GBPJPY",
      "GBPUSD",
      "EURGBP",
      "EURUSD",
      "NZDUSD",
      "USDCAD",
      "USDCHF",
      "USDJPY"
    ],
    "columns": [
      "AUDJPY",
      "AUDUSD",
      "GBPJPY",
      "GBPUSD",
      "EURGBP",
      "EURUSD",
      "NZDUSD",
      "USDCAD",
      "USDCHF",
      "USDJPY"
    ],
    "data": [
      [
        1517,
        970,
        1136,
        997,
        928,
        982,
        986,
        1095,
        1052,
        1007
      ],
      [
        970,
        1363,
        1011,
        894,
        843,
        905,
        898,
        1000,
        933,
        882
      ],
      [
        1136,
        1011,
        1553,
        1008,
        952,
        1017,
        990,
        1117,
        1049,
        998
      ],
      [
        997,
        894,
        1008,
        1374,
        843,
        901,
        898,
        986,
        941,
        904
      ],
      [
        928,
        843,
        952,
        843,
        1277,
        803,
        818,
        900,
        845,
        857
      ],
      [
        982,
        905,
        1017,
        901,
        803,
        1362,
        857,
        952,
        940,
        875
      ],
      [
        986,
        898,
        990,
        898,
        818,
        857,
        1344,
        989,
        905,
        884
      ],
      [
        1095,
        1000,
        1117,
        986,
        900,
        952,
        989,
        1501,
        1014,
        998
      ],
      [
        1052,
        933,
        1049,
        941,
        845,
        940,
        905,
        1014,
        1429,
        942
      ],
      [
        1007,
        882,
        998,
        904,
        857,
        875,
        884,
        998,
        942,
        1372
      ]
    ]
  },
  "raw_fx_correlation": {
    "index": [
      "AUDJPY",
      "AUDUSD",
      "GBPJPY",
      "GBPUSD",
      "EURGBP",
      "EURUSD",
      "NZDUSD",
      "USDCAD",
      "USDCHF",
      "USDJPY"
    ],
    "columns": [
      "AUDJPY",
      "AUDUSD",
      "GBPJPY",
      "GBPUSD",
      "EURGBP",
      "EURUSD",
      "NZDUSD",
      "USDCAD",
      "USDCHF",
      "USDJPY"
    ],
    "data": [
      [
        1.0,
        0.66209,
        0.713162,
        0.297744,
        -0.127587,
        0.207453,
        0.519724,
        -0.455793,
        0.01673,
        0.494859
      ],
      [
        0.66209,
        1.0,
        0.300449,
        0.656275,
        -0.138419,
        0.624747,
        0.888509,
        -0.688464,
        -0.473057,
        -0.3182
      ],
      [
        0.713162,
        0.300449,
        1.0,
        0.550725,
        -0.410885,
        0.206217,
        0.252557,
        -0.290783,
        0.031093,
        0.558361
      ],
      [
        0.297744,
        0.656275,
        0.550725,
        1.0,
        -0.455235,
        0.698331,
        0.657052,
        -0.526835,
        -0.547364,
        -0.38193
      ],
      [
        -0.127587,
        -0.138419,
        -0.410885,
        -0.455235,
        1.0,
        0.131137,
        -0.141686,
        0.1154,
        -0.096058,
        -0.002714
      ],
      [
        0.207453,
        0.624747,
        0.206217,
        0.698331,
        0.131137,
        1.0,
        0.636006,
        -0.503702,
        -0.765797,
        -0.465377
      ],
      [
        0.519724,
        0.888509,
        0.252557,
        0.657052,
        -0.141686,
        0.636006,
        1.0,
        -0.631427,
        -0.517658,
        -0.372501
      ],
      [
        -0.455793,
        -0.688464,
        -0.290783,
        -0.526835,
        0.1154,
        -0.503702,
        -0.631427,
        1.0,
        0.3691,
        0.200958
      ],
      [
        0.01673,
        -0.473057,
        0.031093,
        -0.547364,
        -0.096058,
        -0.765797,
        -0.517658,
        0.3691,
        1.0,
        0.579684
      ],
      [
        0.494859,
        -0.3182,
        0.558361,
        -0.38193,
        -0.002714,
        -0.465377,
        -0.372501,
        0.200958,
        0.579684,
        1.0
      ]
    ]
  },
  "summary": {
    "strategy_full_avg_signed_corr": 0.0976024406401164,
    "strategy_full_avg_abs_corr": 0.1015635030153115,
    "strategy_active_avg_signed_corr": 0.07501555813525744,
    "strategy_active_avg_abs_corr": 0.09143587522931021,
    "raw_fx_avg_signed_corr": 0.045708676582900724,
    "raw_fx_avg_abs_corr": 0.4151073789275389,
    "n_pairs": 10,
    "n_eff_strategy_full": 5.323617473749288,
    "n_eff_strategy_active": 5.969650215146638,
    "n_eff_raw_fx": 7.08527365997409,
    "diversification_factor_strategy_full_sqrtNeff": 2.3072965725604693,
    "diversification_factor_strategy_active_sqrtNeff": 2.443286764820421,
    "diversification_factor_raw_fx_sqrtNeff": 2.6618177360544597,
    "mean_per_pair_sharpe": 1.9420000000000002,
    "median_per_pair_sharpe": 1.995,
    "claim_portfolio_sharpe": 4.487,
    "observed_div_factor_portfolio_over_mean_per_pair": 2.310504634397528,
    "portfolio_sharpe_from_sum_of_pair_returns": 4.481492131283332,
    "pc1_share_strategy_full": 0.1990306622428078,
    "pc2_share_strategy_full": 0.14050613262903291,
    "top3_share_strategy_full": 0.45506562577087767,
    "pc1_share_strategy_active": 0.14559690536726466,
    "pc1_share_raw_fx": 0.46658772216804006,
    "top3_share_raw_fx": 0.8292395613514775,
    "eigenvalues_strategy_full": [
      1.9903066224280772,
      1.4050613262903286,
      1.1552883089903692,
      1.0136392155990153,
      0.9842052853689451,
      0.8345695220791245,
      0.7953392680666697,
      0.6961664224864501,
      0.5981188056829204,
      0.5273052230080961
    ],
    "eigenvalues_raw_fx": [
      4.665877221680401,
      2.439171607913699,
      1.187346783920676,
      0.7651768036039809,
      0.43545675885424134,
      0.2626187684964422,
      0.12957972852666366,
      0.11000030038401282,
      0.002921152291328364,
      0.001850874328556725
    ]
  },
  "verdict": {
    "signed_avg_below_0_20": true,
    "pc1_share_below_0_50": true,
    "pass": true
  }
}